Afb:M:A4
0.22639021280440913 65.0 0.603707234145091
0.11334624458933304 74.0 0.3022566522382214
-0.047696553480884314 81.0 -0.12719080928235815
-0.08604670056744747 85.5 -0.22945786817985991
0.03514806819092755 88.0 0.09372818184247346
0.04930932017281154 90.0 0.13149152046083076
0.009928425754790486 92.0 0.026475802012774628
0.08623479689674693 94.0 0.22995945839132514
-0.021732682012874857 96.5 -0.05795381870099962
0.2239253232767004 101.0 0.5971341954045344
-0.022410145587575606 108.0 -0.059760388233534946
0.4476138983518548 116.0 1.1936370622716126
