Afb:M:A4
0.7284182106868831 65.0 1.942448561831688
0.542205178499732 74.0 1.4458804759992854
0.2715228166964581 81.0 0.7240608445238883
0.49255994230644595 85.5 1.3134931794838558
0.5473562031108564 88.0 1.4596165416289504
0.49895499487741596 90.0 1.3305466530064425
0.6882916408112638 92.0 1.8354443754967034
0.7162376743842647 94.0 1.9099671316913724
0.7835070656548282 96.5 2.089352175079542
0.8796110221724893 101.0 2.3456293924599714
1.1382295239824964 108.0 3.03527873061999
0.6004325489699586 116.0 1.6011534639198894
