Afb:M:A4
0.2562682422081189 65.0 0.6833819792216503
0.292363041909855 74.0 0.77963477842628
0.10350747755526042 81.0 0.2760199401473611
0.13204710707775333 85.5 0.35212561887400884
0.13687140242388018 88.0 0.3649904064636805
0.19414390792265707 90.0 0.5177170877937521
0.2906879904218444 92.0 0.7751679744582517
0.3333486796113349 94.0 0.888929812296893
0.5333321364412129 96.5 1.422219030509901
0.18661835858384496 101.0 0.4976489562235865
0.20881341319965863 108.0 0.556835768532423
-0.1364299593978588 116.0 -0.36381322506095676
