Afb:M:A4
-0.03429052186171453 65.0 -0.09144139163123874
-0.10655812371273378 74.0 -0.28415499656729004
0.0031165624747839845 81.0 0.008310833266090625
0.07072306661790366 85.5 0.18859484431440976
0.020685319600078404 88.0 0.05516085226687574
0.02125007596743836 90.0 0.056666869246502286
0.030495931732230135 92.0 0.08132248461928035
0.009567675055220963 94.0 0.025513800147255898
0.08037154692067484 96.5 0.21432412512179957
0.008065399207287832 101.0 0.021507731219434216
0.10338009029079782 108.0 0.2756802407754608
-0.22438735972175206 116.0 -0.5983662925913388
