Afb:M:A4
0.3410221594381354 65.0 0.909392425168361
0.17432522816243257 74.0 0.4648672750998202
0.2640061628224768 81.0 0.7040164341932714
0.2325674183609627 85.5 0.6201797822959005
0.2549528530084877 88.0 0.6798742746893005
0.2974572484962863 90.0 0.7932193293234301
0.3334230614465988 92.0 0.8891281638575967
0.3588322148040142 94.0 0.9568859061440379
0.4031378234971986 96.5 1.0750341959925296
0.36215036000590745 101.0 0.9657342933490864
0.39895908100262967 108.0 1.063890882673679
0.3374390251018865 116.0 0.8998374002716973
