Afb:M:A4
-0.27903747299541454 65.0 -0.744099927987772
0.17206591836666343 74.0 0.45884244897776916
0.09338284834764238 81.0 0.24902092892704633
-0.04004872951799857 85.5 -0.10679661204799619
0.038792175568956075 88.0 0.10344580151721619
0.07965688981235662 90.0 0.21241837283295098
0.12037695441418148 92.0 0.3210052117711506
0.07560440203475131 94.0 0.20161173875933683
0.11196696396793901 96.5 0.29857857058117065
0.03902989709721051 101.0 0.10407972559256136
0.08116488217204258 108.0 0.21643968579211353
0.0638262425765849 116.0 0.17020331353755971
