Afb:M:A4
-0.1849891971864218 65.0 -0.4933045258304581
-0.0564527205088759 74.0 -0.15054058802366904
0.03306766113719897 81.0 0.08818042969919726
-0.1255391661225597 85.5 -0.33477110966015916
0.09036455314641376 88.0 0.24097214172377002
0.14267856683751318 90.0 0.38047617823336843
0.15210210913294395 92.0 0.4056056243545172
-0.01691168984288481 94.0 -0.04509783958102616
0.19462197040818593 96.5 0.5189919210884958
-0.12628264184752205 101.0 -0.3367537115933921
0.9522614182482168 108.0 2.5393637819952444
0.8944765096039904 116.0 2.3852706922773077
