Afb:M:A4
-0.1332554037797554 65.0 -0.35534774341268105
0.04921889093976335 74.0 0.13125037583936894
0.07442928665487289 81.0 0.1984780977463277
-0.10118786709179797 85.5 -0.2698343122447946
0.07777950050742606 88.0 0.20741200135313614
0.02179990730020108 90.0 0.05813308613386954
0.07278262203356886 92.0 0.19408699208951696
-0.01794147291759417 94.0 -0.04784392778025112
0.10803332696864457 96.5 0.2880888719163855
0.09733408558810526 101.0 0.2595575615682807
-0.045313419979203795 108.0 -0.12083578661121011
-0.3571208580636671 116.0 -0.9523222881697789
