Afb:M:A4
-0.027305596343507012 65.0 -0.07281492358268536
-0.02252583741490336 74.0 -0.060068899773075626
-0.010628211773510587 81.0 -0.0283418980626949
-0.013213141490751427 85.5 -0.03523504397533714
0.004900891322931849 88.0 0.013069043527818264
0.008733956149696935 90.0 0.02329054973252516
0.007657157791914374 92.0 0.020419087445104997
0.006150457716624448 94.0 0.016401220577665195
0.02562276089998667 96.5 0.06832736239996445
0.03755708870466588 101.0 0.10015223654577567
0.057537497529132495 108.0 0.1534333267443533
0.060311177832334854 116.0 0.16082980755289294
