Afb:M:A4
-0.07778872605301713 65.0 -0.20743660280804568
-0.06966314187799805 74.0 -0.18576837834132812
-0.025781464976968673 81.0 -0.06875057327191646
0.007972221267782135 85.5 0.02125925671408569
0.027617251660981213 88.0 0.07364600442928323
0.0286719415429522 90.0 0.07645851078120586
0.02326572352994229 92.0 0.06204192941317944
0.023867559044845336 94.0 0.06364682411958755
0.036021110675400037 96.5 0.09605629513440009
0.07554644648421206 101.0 0.2014571906245655
0.1357429815898567 108.0 0.36198128423961784
0.15752129817012134 116.0 0.42005679512032357
