Afb:M:A4
0.5323420172843532 65.0 1.419578712758275
0.2149272921815547 74.0 0.5731394458174792
-0.13718483327045553 81.0 -0.36582622205454807
-0.29443199194777564 85.5 -0.7851519785274017
0.11550170490408009 88.0 0.3080045464108802
0.04340280876001926 90.0 0.11574082336005134
0.08243911697570239 92.0 0.2198376452685397
0.11166145099724668 94.0 0.29776386932599114
0.21357952671831568 96.5 0.5695454045821751
-0.1339810620063083 101.0 -0.3572828320168221
0.17518804194659587 108.0 0.467168111857589
0.32092568269113336 116.0 0.8558018205096889
