Afb:M:A4
0.004147303817343969 65.0 0.011059476846250584
0.007491981718041427 74.0 0.019978617914777137
0.04437745366946968 81.0 0.11833987645191914
-0.09416415535373454 85.5 -0.25110441427662544
0.015654171488694253 88.0 0.04174445730318467
0.032997604810349884 90.0 0.08799361282759968
0.03882661524843401 92.0 0.10353764066249069
0.031175774807103224 94.0 0.0831353994856086
-0.052678520083374133 96.5 -0.14047605355566434
0.06572791909682442 101.0 0.1752744509248651
0.09330101648107625 108.0 0.24880271061620332
0.060157182548149106 116.0 0.16041915346173094
