Afb:M:A4
-0.14580236046063308 65.0 -0.3888062945616882
-0.08874759115378049 74.0 -0.23666024307674796
-0.1525666329934729 81.0 -0.40684435464926105
0.07304860097087378 85.5 0.1947962692556634
0.02145579461311884 88.0 0.05721545230165024
-0.01334387301779599 90.0 -0.035583661380789305
0.06402707904119344 92.0 0.1707388774431825
-0.046720481964654295 94.0 -0.12458795190574479
0.18542359084462814 96.5 0.49446290891900835
0.11259666393373932 101.0 0.3002577704899715
-0.22077224566004275 108.0 -0.5887259884267806
0.22034776375791745 116.0 0.5875940366877799
