Afb:M:A4
0.1402850041301518 65.0 0.3740933443470714
0.07517305575623827 74.0 0.20046148201663538
-0.05649023334237631 81.0 -0.1506406222463368
-0.126371209569378 85.5 -0.33698989218500797
0.026167183988891164 88.0 0.06977915730370976
0.14362330918679617 90.0 0.38299549116478976
0.027481580268197733 92.0 0.07328421404852728
0.07504412754561658 94.0 0.20011767345497755
-0.060030520981784075 96.5 -0.1600813892847575
0.17463897775559298 101.0 0.4657039406815813
0.03582693285179181 108.0 0.09553848760477815
0.050906958345684955 116.0 0.13575188892182655
