Afb:M:A4
1.497849948629708 65.0 3.9942665296792215
-0.022324302380134962 74.0 -0.05953147301369323
0.09117361375497937 81.0 0.24312963667994497
0.4546812268724466 85.5 1.2124832716598575
0.33502780248841835 88.0 0.8934074733024489
0.5393511024027386 90.0 1.438269606407303
0.6230997610246437 92.0 1.661599362732383
1.1816068648993654 94.0 3.150951639731641
0.5347396472409169 96.5 1.425972392642445
0.7738499891770957 101.0 2.0635999711389217
1.2546413875176552 108.0 3.345710366713747
0.8589278174456264 116.0 2.2904741798550035
