Afb:M:A4
0.1338581240962838 65.0 0.35695499759009014
0.767004342605331 74.0 2.045344913614216
-0.001413349444221752 81.0 -0.003768931851258005
0.19069395970573946 85.5 0.5085172258819719
0.4370147625090195 88.0 1.165372700024052
0.1670186977109828 90.0 0.4453831938959541
0.2654363923541009 92.0 0.7078303796109356
0.0877596983798697 94.0 0.2340258623463192
-0.0540963024822189 96.5 -0.1442568066192504
0.374397519435395 101.0 0.9983933851610534
0.021485620285647874 108.0 0.057294987428394326
0.053152955306037766 116.0 0.14174121414943402
