Afb:M:A4
0.008083057517029228 65.0 0.021554820045411274
-0.09165221486450717 74.0 -0.24440590630535244
-0.01417737998646892 81.0 -0.037806346630583784
0.009974192089400114 85.5 0.026597845571733635
0.019689144708016002 88.0 0.05250438588804267
-0.0033645316959160314 90.0 -0.00897208452244275
0.05948403080428839 92.0 0.15862408214476903
-0.0019480107366095273 94.0 -0.005194695297625406
-0.04282260141647506 96.5 -0.11419360377726681
-0.08466588890229006 101.0 -0.22577570373944014
-0.1669921149129535 108.0 -0.4453123064345426
-0.18735879965713356 116.0 -0.49962346575235617
