Afb:M:A4
0.16402208507833943 65.0 0.4373922268755718
0.19395006747390275 74.0 0.5172001799304073
0.0954417919046574 81.0 0.2545114450790864
0.11965970698824432 85.5 0.3190925519686515
0.08819175392756558 88.0 0.2351780104735082
0.18396978301719044 90.0 0.49058608804584114
0.1924794877549109 92.0 0.5132786340130957
0.21259594474447743 94.0 0.5669225193186065
0.32950753548147543 96.5 0.8786867612839344
0.1477510611641888 101.0 0.39400282977117007
0.19395610927163362 108.0 0.517216291391023
-0.3926749492402657 116.0 -1.0471331979740417
