Afb:M:A4
0.06574390750990385 65.0 0.1753170866930769
0.4905419829504247 74.0 1.308111954534466
0.006823200467178827 81.0 0.018195201245810203
0.06183021167113972 85.5 0.16488056445637259
0.2213192211599519 88.0 0.5901845897598716
0.27858200478224454 90.0 0.7428853460859854
0.34722773750926567 92.0 0.9259406333580418
0.23587281560535284 94.0 0.6289941749476076
0.5700341235469091 96.5 1.5200909961250908
0.48893266176479094 101.0 1.3038204313727757
0.5248476792973829 108.0 1.3995938114596875
-0.8960751463093387 116.0 -2.38953372349157
