Afb:M:A4
-0.016905535871876817 65.0 -0.04508142899167151
0.18173826228576753 74.0 0.48463536609538005
0.15177188277435777 81.0 0.4047250207316207
0.1043652226543715 85.5 0.2783072604116573
-0.02999389900085465 88.0 -0.07998373066894574
0.02305166654354216 90.0 0.061471110782779094
0.035501674794145906 92.0 0.09467113278438907
-0.14101655046226563 94.0 -0.3760441345660417
0.10177262543523648 96.5 0.27139366782729724
-0.059389840822635716 101.0 -0.1583729088603619
0.1360002917078185 108.0 0.36266744455418265
0.22805715021159365 116.0 0.6081524005642497
