Afb:M:A4
-0.08888770571567509 65.0 -0.2370338819084669
0.040907210118624096 74.0 0.10908589364966426
0.0003881544834901586 81.0 0.0010350786226404228
0.06892703113453405 85.5 0.18380541635875747
0.09928181931159942 88.0 0.2647515181642651
0.050768431310639114 90.0 0.13538248349503762
0.13322921823032685 92.0 0.3552779152808716
0.11584074063095945 94.0 0.3089086416825585
0.1330020591059358 96.5 0.35467215761582876
0.010957413335216921 101.0 0.02921976889391179
0.10499208839076941 108.0 0.2799789023753851
0.025978933216250836 116.0 0.06927715524333555
