Afb:M:A4
-0.04359126624895448 65.0 -0.1162433766638786
0.22937466086796163 74.0 0.6116657623145643
0.22076981524514508 81.0 0.5887195073203868
-0.07774266570000296 85.5 -0.20731377520000788
-0.013556847794603326 88.0 -0.0361515941189422
0.1896315418952974 90.0 0.5056841117207931
0.1722790622380754 92.0 0.4594108326348677
-0.06015139153272942 94.0 -0.1604037107539451
-0.06044159216662529 96.5 -0.16117757911100078
0.2763331332443219 101.0 0.7368883553181917
0.3583537248235971 108.0 0.9556099328629256
0.2535579951855901 116.0 0.6761546538282401
