Afb:M:A4
0.15065729281848633 65.0 0.4017527808492969
0.4714452325981096 74.0 1.2571872869282923
0.09856138619712762 81.0 0.2628303631923403
0.20086502786228816 85.5 0.535640074299435
0.27432694970357935 88.0 0.7315385325428783
0.3359635898901818 90.0 0.8959029063738182
0.4402617901397586 92.0 1.1740314403726895
0.5784091136954119 94.0 1.5424243031877651
0.7182111549533426 96.5 1.915229746542247
0.5699626965058997 101.0 1.5199005240157324
0.32328045691495716 108.0 0.8620812184398857
0.7281684949930362 116.0 1.941782653314763
