Afb:M:A4
0.6262380565128888 65.0 1.6699681507010367
0.5674428960466333 74.0 1.5131810561243555
0.6821973306739143 81.0 1.8191928817971048
0.4749546317685065 85.5 1.2665456847160173
0.48827968974553004 88.0 1.3020791726547467
0.3300503359306224 90.0 0.8801342291483263
0.8363792622718236 92.0 2.2303446993915292
0.479652423934685 94.0 1.2790731304924932
0.6187899864929957 96.5 1.6501066306479883
0.0330709227733921 101.0 0.08818912739571227
1.0913046455024613 108.0 2.9101457213398967
1.2668310920186536 116.0 3.378216245383076
