Afb:M:A4
0.3161945579172842 65.0 0.8431854877794245
0.22337465581159582 74.0 0.5956657488309222
0.3992842342234593 81.0 1.0647579579292248
0.15517611613423468 85.5 0.41380297635795915
0.30197830198245307 88.0 0.8052754719532081
0.29126417358896184 90.0 0.7767044629038982
0.3843572563824735 92.0 1.0249526836865959
0.36672070194342815 94.0 0.9779218718491417
0.4480274331548137 96.5 1.1947398217461698
0.4214035895595015 101.0 1.123742905492004
0.06589471418861631 108.0 0.17571923783631016
0.49809657259532375 116.0 1.3282575269208632
