Afb:M:A4
0.2178194506455239 65.0 0.5808518683880637
0.29175764028816614 74.0 0.7780203741017764
0.2449943609624059 81.0 0.653318295899749
0.1762768836282902 85.5 0.4700716896754405
0.3706699960648548 88.0 0.9884533228396127
0.35743370715262457 90.0 0.9531565524069988
0.34735217271277813 92.0 0.9262724605674083
0.4096309713523495 94.0 1.0923492569395985
0.24308978675355175 96.5 0.6482394313428046
0.26710915425828485 101.0 0.7122910780220929
0.1696954240210516 108.0 0.4525211307228042
0.2813814273256017 116.0 0.7503504728682711
