Afb:M:A4
0.30287278811934765 65.0 0.8076607683182604
0.7809051698098474 74.0 2.082413786159593
0.6071783543687799 81.0 1.6191422783167462
0.735104416211131 85.5 1.9602784432296825
0.7366029144742595 88.0 1.9642744385980253
0.7863305735664915 90.0 2.096881529510644
0.7318930948822353 92.0 1.9517149196859607
0.7588198896872049 94.0 2.0235197058325465
0.6394842227275287 96.5 1.7052912606067432
0.6058577108511046 101.0 1.6156205622696123
0.5036944158893115 108.0 1.343185109038164
0.2719100075868428 116.0 0.7250933535649141
