Afb:M:A4
0.5224801603564173 65.0 1.3932804276171127
0.4301554940063117 74.0 1.1470813173501644
0.6321140033195618 81.0 1.685637342185498
0.7502462624716363 85.5 2.000656699924363
0.7195937175411949 88.0 1.918916580109853
0.7338679255925661 90.0 1.9569811349135096
0.7420846599746154 92.0 1.9788924265989742
0.7083887916506436 94.0 1.8890367777350496
0.6531911794444386 96.5 1.7418431451851695
0.5019232435970451 101.0 1.3384619829254536
0.48240486301784036 108.0 1.2864129680475742
0.14964176289081604 116.0 0.3990447010421761
