Afb:M:A4
0.2168878131417813 65.0 0.5783675017114167
0.23807021796883016 74.0 0.634853914583547
0.35871938611628035 81.0 0.9565850296434142
0.4391860630999442 85.5 1.1711628349331844
0.4680108807407857 88.0 1.2480290153087616
0.4923032429447254 90.0 1.3128086478526009
0.49325888033009113 92.0 1.3153570142135762
0.4697021518259674 94.0 1.252539071535913
0.42487089879875806 96.5 1.1329890634633548
0.35007473484530455 101.0 0.9335326262541455
0.2246112438274012 108.0 0.5989633168730698
0.17251704738170137 116.0 0.460045459684537
