Afb:M:A4
0.27618218012914386 65.0 0.7364858136777169
0.29468636685682664 74.0 0.7858303116182044
0.293902720592133 81.0 0.783740588245688
0.38855814833735425 85.5 1.0361550622329445
0.37530957856460007 88.0 1.0008255428389334
0.4482732731085396 90.0 1.1953953949561056
0.4379099384181217 92.0 1.1677598357816579
0.39849800281463466 94.0 1.0626613408390257
0.45822180529900464 96.5 1.2219248141306789
0.37523516206781987 101.0 1.0006270988475197
0.21327644379137234 108.0 0.5687371834436595
-0.13557444012352396 116.0 -0.3615318403293972
