Afb:M:A4
-0.0062348666175047526 65.0 -0.016626310980012673
0.13614739879188817 74.0 0.3630597301117018
0.0914076925738605 81.0 0.243753846863628
0.08820802417443042 85.5 0.2352213977984811
0.1277624237412559 88.0 0.34069979664334904
0.14151136905495737 90.0 0.37736365081321965
0.13938993941669373 92.0 0.37170650511118325
0.1949674767982071 94.0 0.5199132714618856
-0.017055439453823307 96.5 -0.04548117187686215
0.20793936081783473 101.0 0.5545049621808926
0.12503470797558197 108.0 0.33342588793488526
-0.002179233028321081 116.0 -0.005811288075522883
