Afb:M:A4
0.03751395972179451 65.0 0.10003722592478537
0.2581567071607515 74.0 0.688417885762004
0.6609565841169119 81.0 1.7625508909784318
0.6683379268102738 85.5 1.7822344714940634
0.5159240893076944 88.0 1.375797571487185
0.5671202618218606 90.0 1.5123206981916282
0.2808788968129623 92.0 0.7490103915012327
0.666604009817519 94.0 1.7776106928467172
0.5498509855736287 96.5 1.4662692948630096
0.3206843520047514 101.0 0.8551582720126705
0.2567149314860446 108.0 0.6845731506294521
-0.12014555316488919 116.0 -0.3203881417730378
