Afb:M:A4
-0.10096777471963435 65.0 -0.26924739925235824
-0.1024030928314564 74.0 -0.2730749142172171
-0.0755071525245617 81.0 -0.2013524067321645
-0.024046741697576802 85.5 -0.06412464452687147
-0.004104767757626728 88.0 -0.010946047353671275
0.02128865832156711 90.0 0.05676975552417896
0.01947515494581594 92.0 0.05193374652217584
-0.018679334321947433 94.0 -0.04981155819185982
-0.055864075096772 96.5 -0.14897086692472533
-0.07975396375069638 101.0 -0.21267723666852367
-0.12174574338869766 108.0 -0.3246553157031937
-0.16653071391907998 116.0 -0.44408190378421325
