Afb:M:A4
0.37839251177933164 65.0 1.0090466980782176
0.5418012218839644 74.0 1.4448032583572383
0.6016567817582819 81.0 1.6044180846887515
0.635731250227025 85.5 1.6952833339387334
0.740326496327278 88.0 1.9742039902060746
0.7337562885740695 90.0 1.9566834361975185
0.7383287987915784 92.0 1.9688767967775425
0.791869557334105 94.0 2.1116521528909464
0.6460201612392314 96.5 1.7227204299712837
0.5261073190241884 101.0 1.402952850731169
0.4312413001977136 108.0 1.1499768005272362
0.14125265671750978 116.0 0.3766737512466927
