Afb:M:A4
0.7285028204293117 65.0 1.9426741878114977
0.7494710131457294 74.0 1.9985893683886116
0.7976899862454699 81.0 2.127173296654586
0.8135315627863818 85.5 2.169417500763685
0.8253275667408859 88.0 2.200873511309029
0.8439343066425294 90.0 2.2504914843800785
0.8478126216529722 92.0 2.260833657741259
0.8285343567293589 94.0 2.20942495127829
0.7751067309545628 96.5 2.0669512825455008
0.7462633896653754 101.0 1.9900357057743343
0.6418359191712589 108.0 1.7115624511233571
0.5974875766396961 116.0 1.5933002043725228
