Afb:M:A4
0.6750425223219609 65.0 1.8001133928585624
0.7216137274984877 74.0 1.9243032733293006
0.7786301637844985 81.0 2.076347103425329
0.814352317976636 85.5 2.171606181271029
0.8361303524267413 88.0 2.229680939804643
0.847823821904762 90.0 2.2608635250793654
0.8533979265488513 92.0 2.2757278041302698
0.840595713677635 94.0 2.2415885698070266
0.8119162207579033 96.5 2.165109922021075
0.7571107249605294 101.0 2.0189619332280784
0.6780091767784441 108.0 1.8080244714091842
0.595530028857111 116.0 1.588080076952296
