Afb:M:A4
0.5689107549468886 65.0 1.517095346525036
0.6193872759691423 74.0 1.6516994025843794
0.7373062958558705 81.0 1.9661501222823212
0.7924919103634492 85.5 2.113311760969198
0.8264660226152285 88.0 2.2039093936406093
0.8512640900436557 90.0 2.2700375734497484
0.8546318937834209 92.0 2.2790183834224553
0.8334905686484386 94.0 2.222641516395836
0.7831519401698901 96.5 2.0884051737863736
0.7156057983052334 101.0 1.9082821288139558
0.6030956439716948 108.0 1.6082550505911861
0.47062387943179623 116.0 1.2549970118181233
