Afb:M:A4
0.504180997993042 65.0 1.3444826613147784
0.45162069850222325 74.0 1.2043218626725953
0.639409770307072 81.0 1.7050927208188587
0.6914593373240784 85.5 1.8438915661975424
0.6996811672379831 88.0 1.865816445967955
0.7172063730777488 90.0 1.9125503282073302
0.7194601425761755 92.0 1.9185603802031346
0.6895909186649993 94.0 1.8389091164399982
0.6195576496784242 96.5 1.6521537324757978
0.5642690971053711 101.0 1.5047175922809894
0.5046515966494649 108.0 1.3457375910652396
0.16721979409889706 116.0 0.44591945093039215
