Afb:M:A4
0.005875132609210749 65.0 0.015667020291228663
0.12324920214733424 74.0 0.32866453905955795
0.09194029408560951 81.0 0.24517411756162535
0.053270194350676224 85.5 0.14205385160180325
0.08470369163006834 88.0 0.22587651101351558
0.10000289247617015 90.0 0.2666743799364537
0.1288224889706372 92.0 0.3435266372550325
0.1580843100391238 94.0 0.4215581601043301
0.040895252555989595 96.5 0.10905400681597224
0.12116166249721484 101.0 0.32309776665923956
0.1512753341636029 108.0 0.40340089110294103
0.0991076198105182 116.0 0.26428698616138185
