Afb:M:A4
0.6734910305731494 65.0 1.7959760815283983
0.7198299910362533 74.0 1.919546642763342
0.7773056612843409 81.0 2.072815096758242
0.8109858815660236 85.5 2.162629017509396
0.8335890693745656 88.0 2.2229041849988413
0.8454764186757447 90.0 2.254603783135319
0.8508129064197588 92.0 2.268834417119357
0.8376286531875717 94.0 2.233676408500191
0.8078729581040611 96.5 2.1543278882774963
0.7551219135970224 101.0 2.0136584362587264
0.6753962550474611 108.0 1.801056680126563
0.5779593432630911 116.0 1.5412249153682427
