Afb:M:A4
0.38602415931102807 65.0 1.0293977581627414
0.48678017700783127 74.0 1.2980804720208834
0.5363208273468852 81.0 1.4301888729250272
0.6254297889130447 85.5 1.6678127704347858
0.7164860820889508 88.0 1.910629552237202
0.7250201552224517 90.0 1.9333870805932043
0.7258403492035387 92.0 1.9355742645427698
0.7461372370032334 94.0 1.989699298675289
0.6373913578216092 96.5 1.699710287524291
0.5207731080990919 101.0 1.388728288264245
0.4432948655108471 108.0 1.182119641362259
0.20987503595042073 116.0 0.5596667625344552
