Afb:M:A4
0.7250698445816826 65.0 1.9335195855511533
0.7443353194842395 74.0 1.9848941852913051
0.7931511190552826 81.0 2.1150696508140867
0.8114958347216642 85.5 2.1639888925911044
0.8207739518483759 88.0 2.1887305382623357
0.8414841558567072 90.0 2.2439577489512192
0.8456420736274483 92.0 2.255045529673195
0.8253323073827623 94.0 2.2008861530206993
0.7698774589983249 96.5 2.0530065573288665
0.7401236114642598 101.0 1.9736629639046925
0.6478290137067345 108.0 1.727544036551292
0.5759156004731442 116.0 1.535774934595051
