Afb:M:A4
0.2591672725207021 65.0 0.6911127267218722
0.28318063324958387 74.0 0.7551483553322236
0.3303075670787734 81.0 0.880820178876729
0.3556117104635941 85.5 0.9482978945695841
0.38640960072591474 88.0 1.0304256019357725
0.4342633771166824 90.0 1.158035672311153
0.424867926977046 92.0 1.132981138605456
0.41286752337919774 94.0 1.1009800623445272
0.3457041528084858 96.5 0.9218777408226289
0.3419974072744983 101.0 0.9119930860653287
0.17621716924143155 108.0 0.4699124513104841
-0.052037532145673124 116.0 -0.13876675238846164
