Afb:M:A4
-0.10060991122423744 65.0 -0.2682930965979665
-0.10102024405699174 74.0 -0.2693873174853113
-0.07410209503229788 81.0 -0.19760558675279433
-0.02408780782616437 85.5 -0.06423415420310498
-0.00388966852533224 88.0 -0.010372449400885973
0.021180689039092565 90.0 0.056481837437580173
0.020735426323727348 92.0 0.05529447019660626
-0.017180720254606645 94.0 -0.04581525401228438
-0.052830906650391495 96.5 -0.14088241773437732
-0.0790286484027884 101.0 -0.21074306240743573
-0.1168643371925874 108.0 -0.31163823251356637
-0.16118910247309684 116.0 -0.42983760659492487
