Afb:M:A4
0.20826519735589605 65.0 0.5553738596157227
0.2754085155288733 74.0 0.7344227080769954
0.2365965432263563 81.0 0.6309241152702834
0.18898146997159082 85.5 0.5039505865909089
0.37584437274635707 88.0 1.002251660656952
0.3655893143032133 90.0 0.9749048381419021
0.3511368448928155 92.0 0.9363649197141746
0.4131542702563704 94.0 1.1017447206836544
0.265545227315511 96.5 0.708120606174696
0.27476553330210973 101.0 0.7327080888056259
0.17556152752174833 108.0 0.46816407339132887
0.27178510167857417 116.0 0.7247602711428645
