Afb:M:A4
-0.08534069484880581 65.0 -0.22757518626348217
0.05949005383527824 74.0 0.15864014356074196
0.38926721453716334 81.0 1.0380459054324356
0.6656994117166852 85.5 1.775198431244494
0.5453772451657077 88.0 1.4543393204418873
0.614596955070181 90.0 1.6389252135204826
0.39455150160742797 92.0 1.0521373376198078
0.6163897857753866 94.0 1.643706095401031
0.7097363274877112 96.5 1.8926302066338965
0.3847638197115371 101.0 1.0260368525640988
0.25173610020177917 108.0 0.6712962672047444
6.898034095854197e-05 116.0 0.00018394757588944524
