Afb:M:A4
0.21688706904712793 65.0 0.5783655174590078
0.23827845361500172 74.0 0.6354092096400046
0.35912757867602135 81.0 0.9576735431360569
0.43721628020110204 85.5 1.165910080536272
0.4672061811123566 88.0 1.245883149632951
0.49118641504811494 90.0 1.3098304401283065
0.4920580985292256 92.0 1.3121549294112682
0.46928251622320977 94.0 1.2514200432618927
0.4207007864042396 96.5 1.1218687637446387
0.34906889525217133 101.0 0.9308503873391235
0.22286712054226093 108.0 0.5943123214460291
0.17066173531288623 116.0 0.45509796083436327
