Afb:M:A4
0.5677869752988909 65.0 1.5140986007970423
0.6171330409967178 74.0 1.6456881093245808
0.7337385192559841 81.0 1.9566360513492909
0.7898755883981108 85.5 2.106334902394962
0.8242407971111971 88.0 2.1979754589631924
0.8493785288815214 90.0 2.2650094103507237
0.8525469978990051 92.0 2.2734586610640135
0.8305682075018874 94.0 2.214848553338366
0.7798981298939784 96.5 2.079728346383942
0.7122886267960651 101.0 1.89943633812284
0.599542183947682 108.0 1.5987791571938186
0.4695591315580208 116.0 1.2521576841547222
