Afb:M:A4
0.37178632967403286 65.0 0.9914302124640876
0.6381527291446205 74.0 1.7017406110523212
0.5751640750088501 81.0 1.533770866690267
0.7225982678482074 85.5 1.9269287142618863
0.6825155120688386 88.0 1.820041365516903
0.7541887278993037 90.0 2.01116994106481
0.7245917043337641 92.0 1.9322445448900374
0.7342049496936199 94.0 1.957879865849653
0.5928106062339298 96.5 1.5808282832904794
0.578649600880059 101.0 1.5430656023468239
0.6301488786487078 108.0 1.6803970097298875
0.21129455448258405 116.0 0.5634521452868908
