Afb:M:A4
-0.1457019410820319 65.0 -0.3885385095520851
-0.1733702886224029 74.0 -0.462320769659741
0.022930315144534738 81.0 0.06114750705209263
0.05908040474352513 85.5 0.1575477459827337
0.04556525465213505 88.0 0.12150734573902679
0.05426875381654455 90.0 0.1447166768441188
0.036480126997337874 92.0 0.09728033865956766
0.0078902373999303 94.0 0.0210406330664808
0.03118705624114349 96.5 0.08316548330971596
0.052022304482008265 101.0 0.13872614528535537
0.09128793498813725 108.0 0.24343449330169933
0.03237715253691472 116.0 0.08633907343177258
