Afb:M:A4
-0.05899300646097812 65.0 -0.15731468389594164
-0.04553939358551808 74.0 -0.12143838289471488
-0.022104336679388836 81.0 -0.05894489781170356
0.004816751741058027 85.5 0.01284467130948807
0.010232718761477822 88.0 0.027287250030607522
0.017022398308107152 90.0 0.0453930621549524
0.013241453769738638 92.0 0.0353105433859697
0.01714122010285041 94.0 0.04570992027426776
0.029530267709564288 96.5 0.07874738055883809
0.06256396770323301 101.0 0.16683724720862136
0.10151097711159242 108.0 0.27069593896424643
0.11012079717441896 116.0 0.29365545913178387
