Afb:M:A4
-0.01656199002257537 65.0 -0.04416530672686765
0.006110132393577989 74.0 0.016293686382874636
-0.0028211866237958516 81.0 -0.00752316433012227
0.005121349715117 85.5 0.013656932573645333
0.00827649888489758 88.0 0.022070663693060214
0.0009095507983206461 90.0 0.002425468795521723
0.004183912757536309 92.0 0.011157100686763491
-0.0015058039631927246 94.0 -0.004015477235180599
0.003476104123284252 96.5 0.00926961099542467
0.018834733284845057 101.0 0.05022595542625348
0.02100741774803009 108.0 0.05601978066141357
0.005272083199021448 116.0 0.014058888530723861
