Afb:M:A4
-0.1304957318258665 65.0 -0.34798861820231064
-0.10200150498802815 74.0 -0.2720040133014084
-0.021651803215744933 81.0 -0.05773814190865315
0.02373517349253669 85.5 0.06329379598009784
0.033882691974784426 88.0 0.0903538452660918
0.03023044266955138 90.0 0.08061451378547034
0.03251440444397838 92.0 0.08670507851727567
0.026134135588476697 94.0 0.06969102823593785
0.03796835138967242 96.5 0.10124893703912644
0.09993188387447945 101.0 0.2664850236652785
0.17543585833271955 108.0 0.4678289555539188
0.25371470594844114 116.0 0.676572549195843
