37.723140001297
20.14261794090271
36.873159646987915
30.83150362968445
13.877236366271973
32.34133505821228
37.15491318702698
36.87803077697754
32.12686800956726
33.06332612037659
31.399006128311157
31.233590841293335
35.83203649520874
24.5422260761261
23.28629469871521
35.03770351409912
33.39199233055115
33.23014497756958
20.464876651763916
33.85989046096802
33.470558404922485
20.664362907409668
18.067696809768677
19.817506551742554
30.91520619392395
20.54398012161255
19.11894679069519
31.88478398323059
35.75852346420288
18.620911121368408
