time:N_events
52.35693287849426 1032279
40.49652147293091 970724
51.43301749229431 1190288
47.14262127876282 1001573
29.905648946762085 673525
73.36647725105286 1043861
67.93114113807678 1073451
44.58867597579956 1031168
51.60709524154663 1137505
48.23283100128174 1038156
43.739301919937134 1043246
43.512003898620605 1055393
71.13307785987854 1064219
39.72558259963989 979401
42.75148153305054 1076212
81.19438171386719 1170526
44.72084164619446 1029353
50.932334184646606 1162364
38.449026346206665 922596
40.88519644737244 1010182
47.30598759651184 1104465
38.88809037208557 980509
34.61820459365845 828678
41.16811394691467 944203
41.69386124610901 1057102
35.76769256591797 975524
40.76304626464844 1014375
42.30254125595093 1087055
45.14420771598816 1142360
38.04068565368652 963390
51.229461669921875 1192285
40.08401870727539 978887
26.377282857894897 672667
39.84763836860657 868311
51.149417877197266 1174046
37.737324714660645 1052634
39.93930697441101 1060196
25.1024649143219 490772
35.13638758659363 656105
37.5542049407959 655268
36.00840902328491 817022
33.323139667510986 928055
27.01465916633606 646035
11.700350522994995 268325
44.2122745513916 909066
33.19764471054077 728126
22.808193683624268 648883
21.795092821121216 535841
23.223954439163208 623734
41.90687966346741 1173430
30.271039485931396 939399
57.91401672363281 1046520
63.61367177963257 1024037
31.202300786972046 896952
68.42879056930542 1080479
56.165751218795776 1000724
39.13654589653015 973730
41.79318881034851 986042
41.31226325035095 1023300
43.0195586681366 1088222
59.94312334060669 1152551
48.262126207351685 1112616
44.40122961997986 1026971
36.063727140426636 808660
45.41440153121948 1069536
55.268492698669434 841008
51.448925256729126 1078254
48.68477416038513 1025718
68.31578278541565 1040877
25.319809198379517 562412
16.438064575195312 316321
31.74577283859253 589802
43.5710072517395 797445
27.744515419006348 657217
19.010849237442017 377599
15.061151504516602 379982
8.021285772323608 92231
14.098529577255249 254259
12.42401909828186 180546
3.8635098934173584 28311
10.515763998031616 191877
13.220840692520142 283688
3.8550972938537598 28829
3.730398654937744 24376
3.999518632888794 28222
17.842292308807373 325436
29.64123010635376 713887
62.00288534164429 1006160
50.624125242233276 882467
35.771992921829224 924194
15.447192192077637 342941
16.78731870651245 309950
10.595021963119507 175757
15.048750877380371 311956
42.06161189079285 740406
26.825833797454834 592908
28.217510223388672 453485
17.17469334602356 341886
37.687193393707275 743746
59.26750683784485 1134756
67.3787169456482 1155772
67.73849177360535 1081648
60.87746739387512 1093351
76.55835151672363 1099674
65.85919046401978 1158462
53.263023853302 920634
61.97437071800232 1157254
54.87457847595215 951625
57.00255370140076 992729
60.38597917556763 1101932
69.2036440372467 1124897
55.44866871833801 941854
78.95038795471191 1141673
65.45136094093323 1207096
66.39496088027954 1070873
66.7884407043457 1117849
28.118616580963135 528834
45.47392821311951 742888
65.10240340232849 1085899
70.63499569892883 1202179
64.6595139503479 1083304
66.86622381210327 1077657
76.8114447593689 1203324
53.91904425621033 931067
73.1566002368927 1102718
62.82195544242859 1096887
61.91962504386902 1115346
57.969252824783325 968644
58.747804403305054 963746
62.00654983520508 1051090
74.76713228225708 1158241
72.01977038383484 1108674
24.102309942245483 415201
