27.917447805404663
18.413883209228516
27.266345500946045
22.076448678970337
11.441136121749878
26.621384620666504
34.99834132194519
26.381088972091675
28.345526933670044
29.28756546974182
27.740214347839355
27.771400213241577
37.296483278274536
14.944541215896606
16.772831201553345
25.842153787612915
23.966192960739136
28.702224254608154
15.881582975387573
29.515335083007812
27.229544639587402
14.585367918014526
14.636620283126831
16.149186849594116
24.128562211990356
16.333784103393555
17.953005075454712
28.848435878753662
28.878035068511963
16.843168258666992
33.17392063140869
23.99645757675171
10.869462251663208
24.86957836151123
26.10740303993225
23.84536099433899
27.569424629211426
10.507019758224487
15.750606298446655
19.24101686477661
23.15007185935974
22.2532217502594
11.477328538894653
5.4161577224731445
22.340033769607544
14.397632837295532
10.332114219665527
9.176083087921143
9.716907262802124
33.92994952201843
12.955568790435791
27.856595039367676
20.829777002334595
12.64363956451416
26.407796621322632
29.269837617874146
24.15697979927063
25.212910890579224
28.067821502685547
14.481261014938354
22.96327781677246
27.101382970809937
14.210082769393921
12.887242794036865
21.09430456161499
21.974897861480713
24.495054244995117
26.671663999557495
17.899909496307373
11.654924154281616
6.443667650222778
17.34038519859314
18.53751230239868
12.254623889923096
8.335835218429565
6.7403247356414795
3.9574711322784424
7.578367710113525
5.174009561538696
2.897341728210449
5.747073411941528
5.408386945724487
2.850849151611328
2.518923759460449
2.988743543624878
7.159832239151001
10.6829674243927
20.968000173568726
25.715452194213867
17.043395042419434
6.489661455154419
6.990612506866455
6.106673240661621
5.477908372879028
19.393228769302368
9.591127395629883
9.857706308364868
7.4505980014801025
13.336877346038818
